504 792.288 212.856 176.862
105.643 387.12  77.361  39.086
322.829 89.758  131.578 100.818
38.003  451.809 100.35  60.907
530.952 28.487  33.284  17.799
196.649 181.753 140.599 134.017
646.838 76.903  90.253  43.02
164.454 68.689  134.531 57.524
85.362  466.786 59.682  33.005
145.742 176.219 2.555   95.111
163.566 91.138  228.198 53.692
205.439 139.519 281.663 6.337
111.965 152.976 126.948 74.043
87.064  52.075  48.228  15.326
305.89  219.373 62.192  36.97
112.318 130.804 36.709  21.515
283.322 144.353 130.823 36.461
189.642 542.167 163.923 130.163
144.481 51.078  78.396  22.832
649.039 328.536 77.476  24.124
142.092 138.59  42.149  21.944
210.887 780.954 161.289 146.679
211.247 91.663  71.415  56.118
134.783 36.886  56.864  31.184
379.929 113.124 138.373 104.767
92.799  62.025  13.362  1.516
171.849 57.311  48.038  11.915
335.226 103.09  7.331   2.88
234.871 163.731 86.435  35.808
288.801 93.034  63.932  25.534
419.509 228.581 65.677  16.118
344.693 389.262 113.135 187.792
282.286 182.124 134.288 62.844
26.568  184.829 48.697  25.005
331.683 535.355 41.856  35.861
179.398 585.995 231.96  120.43
112.123 215.509 123.702 56.275
95.547  55.98   56.339  5.643
27.607  489.818 75.072  38.822
171.071 76.863  138.549 33.989
90.854  217.746 61.644  4.886
115.541 209.061 89.996  82.179
123.941 2.991   65.265  40.116
115.545 39.488  81.554  13.404
134.93  127.425 97.925  22.306
7.588   292.271 39.121  21.024
170.584 385.614 163.755 84.526
178.296 474.058 176.595 70.377
208.508 170.366 354.163 98.811
58.821  452.082 41.528  18.457
397.006 117.301 37.56   15.14
172.353 112.813 49.625  21.152
353.962 290.589 80.759  16.971
158.736 164.86  101.175 30.363
159.11  98.628  53.474  15.646
252.78  107.692 54.042  17.683
325.196 132.065 136.442 13.323
261.685 1.528   101.97  36.64
223.821 67.911  45.617  14.751
89.566  130.524 67.25   94.281
93.142  71.118  31.272  85.749
147.156 169.821 202.187 144.286
100.632 103.284 155.192 55.366
242.25  134.854 131.974 118.5
17.135  164.775 42.956  265.186
79.214  6.068   17.644  198.6
36.362  31.789  62.91   77.908
12.479  48.481  101.573 95.24
175.199 30.223  112.452 289.5
168.99  54.804  31.177  227.07
238.954 44.369  25.874  150.834
62.588  30.509  26.468  76.362
283.104 9.188   53.631  173.162
41.859  12.759  24.899  61.203
121.289 44.52   15.495  279.272
31.035  15.99   13.365  4.665
250.604 123.8   36.7    317.435
76.704  8.072   63.321  136.699
104.058 61.23   34.843  93.362
88.73   73.899  51.479  135.2
67.267  53.622  277.796 123.254
34.555  52.325  179.081 27.074
39.113  39.66   98.679  53.49
177.143 620.495 1794.19 107.869
77.704  63.647  12.087  178.772
61.814  23.656  246.381 109.969
45.234  267.17  563.706 82.134
45.279  26.683  4.332   48.418
38.328  19.472  68.883  9.315
297.531 222.414 863.462 316.03
30.911  69.877  11.521  48.348
29.227  80.204  197.614 29.923
49.323  6.16    77.247  75.513
22.304  239.43  474.143 3.486
1.487   194.923 197.636 0.447
431.537 254.747 877.993 46.036
29.885  112.187 337.051 1.653
40.314  65.539  133.824 3.514
64.532  95.271  50.505  11.478
140.393 250.764 1180.071    20.958
146.273 173.839 166.999 33.539
430.34  477.612 378.514 301.874
140.682 277.11  809.049 116.898
618.715 284.631 619.862 87.84
128.22  271.89  134.355 83.295
63.57   23.025  11.805  6.645
158.051 160.387 356.918 70.015
363.002 137.706 691.613 530.692
117.688 145.181 578.635 360.234
252.47  280.364 219.926 116.594
