1370.883296
884.4424299
933.6841794
523.7862086
831.4433536
876.4043938
727.6125258
820.9492422
722.4950671
358.8646745
881.2537854
680.461738
780.1754427
315.5582981
719.4959242
351.5151637
875.7186671
1283.576682
522.1311814
1612.588688
528.0476967
1598.531901
1235.519839
669.3071504
1457.397538
257.9507966
373.6112335
618.5675559
1257.556456
1292.683084
1223.147737
1863.639742
1017.050802
464.4384559
1413.683706
2001.409629
1382.423704
384.2247922
610.8194145
1379.795282
770.4550909
432.2974084
890.322321
851.2725051
1699.036592
365.9320979
990.5678474
1310.898223
2315.280734
1211.739556
528.0983393
748.7637599
735.0687086
702.5951757
648.8562007
824.1487774
919.6002485
1122.015825
523.8671545
485.3519822
472.3529032
1188.123725
697.2644467
780.869871
719.0800338
550.7787814
511.4842663
702.444221
1187.214661
635.1797322
834.2559593
570.5372409
1496.308546
239.3606013
510.0817665
75.01844075
1539.252751
971.511606
753.3285427
438.6413046
483.6886526
290.8197427
377.716136
2596.610932
838.4986425
690.6473108
1560.933469
383.8405494
223.9581097
2424.554519
381.8707746
521.3499955
430.5154154
650.6994714
525.8441087
2292.945587
532.668038
691.2671882
597.021382
1410.802563
505.7395111
2239.623078
2562.532347
1808.708722
985.3188322
168.5097246
1324.795683
2073.091201
1568.904974
1358.03583
