4.48    3283.793
6.57    1506.649
6.79    1886.083
6.53    1351.414
5.33    1311.356
6.35    1613.316
6.64    1830.028
6.78    1618.691
6.41    1565.621
6.79    873.366
7.03    1488.849
6.96    1342.788
6.53    1153.902
6.08    580.239
6.42    1296.583
6.64    674.465
7.22    1802.601
6.49    2620.716
6.5 820.608
5.4 2338.196
7.23    857.997
6.33    2880.217
6.71    2320.959
8.01    1278.466
8.13    2867.361
6.28    481.838
7.44    786.579
7.71    955.758
8.18    1953.911
9.21    2285.144
7.27    2719.351
6.29    3553.885
7.21    2284.401
6.78    1073.304
6.26    2722.86
6.32    3590.199
6.87    2378.249
6.09    648.781
6.1 1457.218
6.95    2679.452
