4.48    3283.793
6.57    1506.649
6.79    1886.083
6.53    1351.414
5.33    1311.356
6.35    1613.316
6.64    1830.028
6.78    1618.691
6.41    1565.621
6.79    873.366
7.03    1488.849
6.96    1342.788
6.53    1153.902
6.08    580.239
6.42    1296.583
6.64    674.465
7.22    1802.601
6.49    2620.716
6.5 820.608
5.4 2338.196
7.23    857.997
6.33    2880.217
6.71    2320.959
8.01    1278.466
8.13    2867.361
6.28    481.838
7.44    786.579
7.71    955.758
8.18    1953.911
9.21    2285.144
7.27    2719.351
6.29    3553.885
7.21    2284.401
6.78    1073.304
6.26    2722.86
6.32    3590.199
6.87    2378.249
6.09    648.781
6.1 1457.218
6.95    2679.452
7.63    1416.223
6.99    1010.621
6.9 1870.291
6.72    2075.782
6.71    3102.412
6.69    766.258
6.61    2157.877
6.13    1886.979
7.76    4684.654
6.12    2154.321
7.28    1172.12
6.72    1331.936
6.62    1857.309
7.66    1441.607
9.14    1153.801
10.94   1299.023
7.14    1650.429
9.21    1983.446
7.36    933.714
8.03    967.008
10.2    777.096
6.6 1795.482
7.07    1267.828
6.03    1386.422
6.45    1404.386
6.41    1023.674
6.39    986.858
6.32    1294.584
6.32    2301.044
6.41    1308.194
7.28    1344.614
7.36    1041.137
6.68    2482.927
6.62    549.625
5.93    1313.528
2.93    193.424
6.93    3075.452
6.27    1898.806
6.32    1479.583
6.42    912.701
5.28    1071.095
6.26    625.483
6.23    612.709
4.06    5591.747
7.48    1708.36
7.39    1250.703
8.01    2168.219
8.14    649.987
5.92    347.06
8.69    4442.187
6.46    694.335
7.07    994.368
6.24    910.313
6.26    1744.284
6.68    826.774
6.73    5651.714
7.27    1182.737
11.54   1053.717
8.7 1104.788
6.04    3963.085
6.08    1239.971
6.17    4638.965
6.15    4465.546
5.94    3343.316
1.33    1303.336
3.91    406.708
4.92    1989.395
5.94    4258.764
6.04    3802.31
5.94    2417.036
