0   0   0   0   487.798 101.407 311.019 37.386  524.947 195.787 610.488 159.382 78.829  143.178
0   0   0   0   737.065 385.151 85.816  417.261 27.514  180.569 73.103  62.895  466.489 172.615
0   0   0   0   203.361 73.941  126.224 98.344  30.671  137.436 82.983  133.034 54.162  2.439
0   0   0   0   166.942 37.945  92.093  58.8    16.555  123.747 39.493  56.581  32.238  90.926
504 792.288 212.856 176.862 0   0   0   0   0   0   0   0   0   0
105.643 387.12  77.361  39.086  0   0   1.603   0.423   0.304   0.543   0.362   2.177   2.015   0.613
322.829 89.758  131.578 100.818 0   1.247   0   0.32    0.668   2.201   1.486   14.065  1.24    0.164
38.003  451.809 100.35  60.907  0   0.529   0.515   0   0.697   0.372   0.17    0.669   0.209   0.11
530.952 28.487  33.284  17.799  0   0.443   1.252   0.813   0   0.34    0.158   1.677   0.321   0.256
196.649 181.753 140.599 134.017 0   0.792   4.127   0.434   0.34    0   0.475   5.173   1.354   1.022
646.838 76.903  90.253  43.02   0   0.528   2.785   0.198   0.158   0.475   0   3.828   0.304   0.383
164.454 68.689  134.531 57.524  0   1.058   8.79    0.26    0.559   1.724   1.276   0   0.888   0.136
85.362  466.786 59.682  33.005  0   2.015   1.595   0.167   0.22    0.929   0.208   1.826   0   0.35
145.742 176.219 2.555   95.111  0   0.596   0.204   0.085   0.17    0.681   0.256   0.273   0.341   0
