0   0   0   0   487.798 101.407 311.019 37.386  524.947 195.787 610.488 159.382 78.829  143.178 152.905 202.878 102.514 83.102  278.848 106.339 275.999 181.548 135.253 645.152
0   0   0   0   737.065 385.151 85.816  417.261 27.514  180.569 73.103  62.895  466.489 172.615 85.414  138.568 149.896 48.273  215.337 124.361 134.754 535.884 48.294  312.88
0   0   0   0   203.361 73.941  126.224 98.344  30.671  137.436 82.983  133.034 54.162  2.439   212.319 266.948 122.605 44.595  61.361  35.992  121.571 150.608 77.911  74.172
0   0   0   0   166.942 37.945  92.093  58.8    16.555  123.747 39.493  56.581  32.238  90.926  50.204  5.758   73.422  14.174  33.569  20.516  35.082  121.686 21.219  22
504 792.288 212.856 176.862 0   0   0   0   0   0   0   0   0   0   0   0   0   0   0   0   0   0   0   0
105.643 387.12  77.361  39.086  0   0   1.603   0.423   0.304   0.543   0.362   2.177   2.015   0.613   0.902   0.245   0.801   0.442   0.166   0.19    1.518   2.347   1.003   0.239
322.829 89.758  131.578 100.818 0   1.247   0   0.32    0.668   2.201   1.486   14.065  1.24    0.164   4.197   0.481   1.267   1.37    0.089   0.579   3.265   3.196   0.661   2.147
38.003  451.809 100.35  60.907  0   0.529   0.515   0   0.697   0.372   0.17    0.669   0.209   0.11    0.543   0.116   0.174   0.244   0.348   0.792   0.696   0.418   0.418   0.116
530.952 28.487  33.284  17.799  0   0.443   1.252   0.813   0   0.34    0.158   1.677   0.321   0.256   0.572   0.136   0.271   0.338   0.836   1.056   0.859   0.835   0.232   0.304
196.649 181.753 140.599 134.017 0   0.792   4.127   0.434   0.34    0   0.475   5.173   1.354   1.022   2.911   0.358   1.694   0.794   0.153   0.185   1.919   2.244   1.706   0.667
646.838 76.903  90.253  43.02   0   0.528   2.785   0.198   0.158   0.475   0   3.828   0.304   0.383   1.766   0.235   0.607   0.541   0.792   0.172   1.683   1.07    0.568   0.423
164.454 68.689  134.531 57.524  0   1.058   8.79    0.26    0.559   1.724   1.276   0   0.888   0.136   6.472   0.547   0.982   1.097   0.107   0.495   3.288   2.646   1.285   1.801
85.362  466.786 59.682  33.005  0   2.015   1.595   0.167   0.22    0.929   0.208   1.826   0   0.35    0.793   0.186   0.474   0.661   0.172   0.118   1.154   3.125   0.674   0.192
145.742 176.219 2.555   95.111  0   0.596   0.204   0.085   0.17    0.681   0.256   0.273   0.341   0   0.081   0.247   0.256   0.341   0.085   0.085   0.133   0.094   0.596   0.256
163.566 91.138  228.198 53.692  0   0.702   4.197   0.338   0.305   1.553   0.942   10.355  0.617   0.065   0   0.221   1.013   0.981   0.52    0.611   2.618   2.41    0.377   1.78
205.439 139.519 281.663 6.337   0   0.239   0.601   0.091   0.091   0.239   0.156   1.095   0.181   0.247   0.276   0   0.272   0.247   0.082   0.206   0.487   0.576   0.107   0.255
111.965 152.976 126.948 74.043  0   1.001   2.037   0.174   0.232   1.452   0.521   2.524   0.592   0.329   1.629   0.349   0   0.918   0.174   0.215   2.079   1.673   0.685   0.337
87.064  52.075  48.228  15.326  0   0.429   1.712   0.19    0.225   0.53    0.361   2.194   0.642   0.341   1.226   0.247   0.714   0   0.743   0.792   1.373   1.086   0.783   0.307
305.89  219.373 62.192  36.97   0   0.166   0.114   0.279   0.573   0.096   0.543   0.219   0.172   0.088   0.668   0.085   0.139   0.764   0   0.272   0.097   0.694   0.562   0.382
112.318 130.804 36.709  21.515  0   0.185   0.724   0.616   0.704   0.123   0.114   0.99    0.114   0.085   0.763   0.206   0.167   0.792   0.264   0   1.185   0.361   0.326   0.132
283.322 144.353 130.823 36.461  0   1.475   4.081   0.542   0.573   1.279   1.122   6.576   1.122   0.133   3.273   0.487   1.617   1.373   0.094   1.185   0   3.445   0.863   2.033
189.642 542.167 163.923 130.163 0   2.347   4.109   0.335   0.572   1.539   0.733   5.444   3.125   0.096   3.099   0.593   1.338   1.117   0.694   0.371   3.544   0   3.248   0.582
144.481 51.078  78.396  22.832  0   0.975   0.826   0.325   0.155   1.138   0.379   2.569   0.655   0.596   0.471   0.107   0.533   0.783   0.546   0.326   0.863   3.158   0   0.655
649.039 328.536 77.476  24.124  0   0.233   2.683   0.09    0.202   0.445   0.282   3.602   0.186   0.256   2.225   0.255   0.262   0.307   0.371   0.132   2.033   0.566   0.655   0
