0   0   0   0   487.798 101.407 311.019 37.386  524.947 195.787 610.488 159.382 78.829  143.178 152.905 202.878 102.514 83.102  278.848 106.339 275.999 181.548 135.253 645.152 128.447 194.316 200.446 129.393 367.898 83.521  161.093 330.822 212.489 282.474 416.335 323.386 271.246 26.37   317.441 170.404 104.871 86.899  25.897  170.027
0   0   0   0   737.065 385.151 85.816  417.261 27.514  180.569 73.103  62.895  466.489 172.615 85.414  138.568 149.896 48.273  215.337 124.361 134.754 535.884 48.294  312.88  135.784 763.768 85.622  33.45   105.38  58.241  53.771  93.686  152.989 86.419  213.782 374.104 180.072 183.487 518.12  584.352 207.66  54.107  471.175 76.184
0   0   0   0   203.361 73.941  126.224 98.344  30.671  137.436 82.983  133.034 54.162  2.439   212.319 266.948 122.605 44.595  61.361  35.992  121.571 150.608 77.911  74.172  41.013  155.305 68.56   55.787  135.541 12.295  45.713  7.143   82.225  63.127  65.193  103.856 122.973 46.877  41.846  212.815 116.196 51.29   68.171  135.728
0   0   0   0   166.942 37.945  92.093  58.8    16.555  123.747 39.493  56.581  32.238  90.926  50.204  5.758   73.422  14.174  33.569  20.516  35.082  121.686 21.219  22  20.199  135.82  50.721  30.405  96.898  1.501   11.102  2.71    33.89   23.211  15.653  186.279 57.338  22.926  34.245  111.141 51.179  5.141   35.61   32.05
504 792.288 212.856 176.862 0   0   0   0   0   0   0   0   0   0   0   0   0   0   0   0   0   0   0   0   0   0   0.111   0   0   0   0   0   0.088   0.08    0.2 0.124   0   0   0   0   0.108   0   0   0.212
105.643 387.12  77.361  39.086  0   0   1.603   0.423   0.304   0.543   0.362   2.177   2.015   0.613   0.902   0.245   0.801   0.442   0.166   0.19    1.518   2.347   1.003   0.239   0.435   1.758   3.307   1.388   1.772   0.718   0.436   0.15    2.388   3.939   5.691   2.448   1.577   2.274   3.562   1.684   2.241   0.837   0.258   4.69
322.829 89.758  131.578 100.818 0   1.247   0   0.32    0.668   2.201   1.486   14.065  1.24    0.164   4.197   0.481   1.267   1.37    0.089   0.579   3.265   3.196   0.661   2.147   1.241   1.342   9.724   13.166  9.795   1.029   1.247   0.518   3.288   4.009   2.123   2.01    3.83    5.07    4.089   0.927   3.653   0.422   0.102   6.544
38.003  451.809 100.35  60.907  0   0.529   0.515   0   0.697   0.372   0.17    0.669   0.209   0.11    0.543   0.116   0.174   0.244   0.348   0.792   0.696   0.418   0.418   0.116   0.151   0.279   1.348   0.575   0.85    0.197   0.185   0.655   1.101   1.822   1.241   1.487   0.505   0.373   0.813   0.581   0.776   0.395   0.929   2.47
530.952 28.487  33.284  17.799  0   0.443   1.252   0.813   0   0.34    0.158   1.677   0.321   0.256   0.572   0.136   0.271   0.338   0.836   1.056   0.859   0.835   0.232   0.304   0.176   0.271   2.938   1.122   0.909   0.188   0.204   0.327   0.791   1.179   1.482   0.937   1.167   0.525   0.742   0.987   1.634   0.321   0.458   3.636
196.649 181.753 140.599 134.017 0   0.792   4.127   0.434   0.34    0   0.475   5.173   1.354   1.022   2.911   0.358   1.694   0.794   0.153   0.185   1.919   2.244   1.706   0.667   0.353   1.121   8.709   3.44    4.651   0.653   0.863   0.207   4.274   6.264   5.486   5.022   3.443   2.971   3.249   2.511   4.813   1.589   0.312   12.74
646.838 76.903  90.253  43.02   0   0.528   2.785   0.198   0.158   0.475   0   3.828   0.304   0.383   1.766   0.235   0.607   0.541   0.792   0.172   1.683   1.07    0.568   0.423   0.364   0.489   6.851   2.685   3.214   0.37    0.409   0.142   2.096   2.84    2.089   1.651   2.547   1.216   1.347   0.687   2.564   0.396   0.792   5.925
164.454 68.689  134.531 57.524  0   1.058   8.79    0.26    0.559   1.724   1.276   0   0.888   0.136   6.472   0.547   0.982   1.097   0.107   0.495   3.288   2.646   1.285   1.801   1.038   0.952   23.969  12.123  9.215   1.003   1.158   0.487   5.308   7.344   4.933   2.612   4.284   4.144   2.898   1.302   6.363   0.901   0.171   14.282
85.362  466.786 59.682  33.005  0   2.015   1.595   0.167   0.22    0.929   0.208   1.826   0   0.35    0.793   0.186   0.474   0.661   0.172   0.118   1.154   3.125   0.674   0.192   0.266   1.273   2.826   1.079   1.722   0.651   0.319   0.097   1.726   2.787   4.77    3.112   1.326   1.212   4.385   2.394   2.085   0.632   0.373   4.699
145.742 176.219 2.555   95.111  0   0.596   0.204   0.085   0.17    0.681   0.256   0.273   0.341   0   0.081   0.247   0.256   0.341   0.085   0.085   0.133   0.094   0.596   0.256   0.235   0.256   0.468   0.168   0.131   0.256   0.227   0.073   0.13    0.173   0.241   0.119   0.189   0.767   0.767   0.119   0.26    0.511   0.085   0.602
163.566 91.138  228.198 53.692  0   0.702   4.197   0.338   0.305   1.553   0.942   10.355  0.617   0.065   0   0.221   1.013   0.981   0.52    0.611   2.618   2.41    0.377   1.78    1.404   1.013   4.093   13.496  9.006   0.656   1.132   0.239   1.923   1.812   1.301   1.488   3.377   3.755   2.501   0.585   2.41    0.266   0.065   3.924
205.439 139.519 281.663 6.337   0   0.239   0.601   0.091   0.091   0.239   0.156   1.095   0.181   0.247   0.276   0   0.272   0.247   0.082   0.206   0.487   0.576   0.107   0.255   0.486   0.247   0.724   1.482   1.633   0.107   0.273   0.073   0.233   0.229   0.171   0.329   0.597   0.963   0.658   0.148   0.428   0.494   0.165   0.625
111.965 152.976 126.948 74.043  0   1.001   2.037   0.174   0.232   1.452   0.521   2.524   0.592   0.329   1.629   0.349   0   0.918   0.174   0.215   2.079   1.673   0.685   0.337   0.443   1.092   3.688   1.717   2.463   0.743   0.535   0.178   3.258   5.258   4.582   5.993   1.92    1.087   1.986   2.799   2.09    0.65    0.267   7.294
87.064  52.075  48.228  15.326  0   0.429   1.712   0.19    0.225   0.53    0.361   2.194   0.642   0.341   1.226   0.247   0.714   0   0.743   0.792   1.373   1.086   0.783   0.307   0.282   0.59    3.804   1.433   1.998   0.318   0.363   0.087   1.788   2.63    2.397   2.288   1.541   1.417   1.716   1.144   2.103   0.795   0.173   4.972
305.89  219.373 62.192  36.97   0   0.166   0.114   0.279   0.573   0.096   0.543   0.219   0.172   0.088   0.668   0.085   0.139   0.764   0   0.272   0.097   0.694   0.562   0.382   0.081   0.458   0.214   0.209   0.227   0.669   0.467   0.224   0.162   0.261   0.328   0.353   0.121   0.439   0.697   0.306   0.146   0.573   0.191   0.263
112.318 130.804 36.709  21.515  0   0.185   0.724   0.616   0.704   0.123   0.114   0.99    0.114   0.085   0.763   0.206   0.167   0.792   0.264   0   1.185   0.361   0.326   0.132   0.243   0.097   2.608   0.685   1.13    0.15    0.273   0.08    1.384   1.912   0.872   0.783   0.613   0.521   0.264   0.387   1.441   0.158   0.616   2.152
283.322 144.353 130.823 36.461  0   1.475   4.081   0.542   0.573   1.279   1.122   6.576   1.122   0.133   3.273   0.487   1.617   1.373   0.094   1.185   0   3.445   0.863   2.033   2.891   1.53    7.385   10.095  15.626  0.746   1.771   0.64    5.267   5.63    4.046   2.982   5.768   6.231   4.136   1.358   5.721   0.746   0.173   9.943
189.642 542.167 163.923 130.163 0   2.347   4.109   0.335   0.572   1.539   0.733   5.444   3.125   0.096   3.099   0.593   1.338   1.117   0.694   0.371   3.544   0   3.248   0.582   0.766   1.924   10.848  3.43    4.55    1.314   0.841   0.322   6.982   12.219  19.385  12.48   4.407   4.039   4.335   14.037  6.541   2.824   1.417   15.165
144.481 51.078  78.396  22.832  0   0.975   0.826   0.325   0.155   1.138   0.379   2.569   0.655   0.596   0.471   0.107   0.533   0.783   0.546   0.326   0.863   3.158   0   0.655   0.854   0.892   0.988   3.041   1.867   0.582   0.477   0.262   0.582   0.841   0.833   0.865   1.14    1.963   2.184   0.628   0.804   0.237   0.637   1.031
649.039 328.536 77.476  24.124  0   0.233   2.683   0.09    0.202   0.445   0.282   3.602   0.186   0.256   2.225   0.255   0.262   0.307   0.371   0.132   2.033   0.566   0.655   0   0.345   0.266   8.215   3.328   3.452   0.357   0.666   0.087   2.74    2.722   2.887   1.298   2.744   1.144   0.659   0.563   3.678   0.632   0.122   5.615
142.092 138.59  42.149  21.944  0   0.423   1.551   0.118   0.118   0.235   0.243   2.076   0.259   0.235   1.755   0.486   0.345   0.282   0.078   0.243   2.891   0.744   0.854   0.345   0   0.219   6.126   1.895   3.424   0.337   0.931   0.109   2.26    6.862   2.708   1.818   1.724   0.736   0.525   0.948   3.76    0.431   0.141   7.004
210.887 780.954 161.289 146.679 0   2.197   2.157   0.279   0.232   0.961   0.419   2.447   1.592   0.329   1.629   0.317   1.092   0.758   0.573   0.125   1.968   2.404   1.147   0.342   0.282   0   5.627   1.798   2.418   0.954   0.457   0.112   3.205   4.98    5.963   10.758  2.547   2.118   5.196   6.993   4.126   1.235   1.284   9.987
211.247 91.663  71.415  56.118  0.035   1.286   4.855   0.419   0.783   2.323   1.827   19.175  1.099   0.187   2.046   0.29    1.147   1.522   0.083   1.043   2.948   4.219   0.395   3.286   2.451   1.751   0   21.93   13.375  1.05    1.793   0.663   2.844   3.566   1.391   1.518   7.374   6.392   4.804   0.943   5.429   0.305   0.09    5.884
134.783 36.886  56.864  31.184  0   0.54    6.583   0.179   0.299   0.917   0.716   9.698   0.419   0.067   6.748   0.593   0.534   0.573   0.081   0.274   4.035   1.334   1.216   1.331   0.758   0.559   21.93   0   14.312  0.663   1.348   0.204   5.594   5.487   6.102   2.226   9.589   2.394   1.365   0.996   7.341   1.015   0.151   10.618
379.929 113.124 138.373 104.767 0   2.239   15.916  0.86    0.788   4.031   2.786   23.959  2.176   0.17    14.635  2.123   2.49    2.597   0.287   1.469   20.314  5.75    2.427   4.487   4.452   2.445   43.467  46.513  0   2.436   7.165   1.173   24.789  23.889  18.747  8.464   28.5    11.483  6.628   3.332   22.141  3.207   0.654   41.174
92.799  62.025  13.362  1.516   0   0.768   1.415   0.169   0.138   0.479   0.271   2.207   0.696   0.281   0.902   0.118   0.636   0.35    0.715   0.165   0.82    1.405   0.641   0.392   0.371   0.816   2.888   1.823   2.061   0   0.25    0.136   1.356   2.375   3.287   2.242   1.453   1.249   2.418   0.776   1.76    0.435   0.127   4.218
171.849 57.311  48.038  11.915  0   0.424   1.559   0.144   0.136   0.575   0.273   2.316   0.31    0.227   1.416   0.273   0.416   0.363   0.454   0.273   1.771   0.818   0.477   0.666   0.931   0.356   4.481   3.37    5.512   0.227   0   0.233   3.007   4.554   1.847   1.416   2.672   1.643   0.976   0.643   2.68    0.31    0.106   7.971
335.226 103.09  7.331   2.88    0   0.156   0.693   0.545   0.233   0.148   0.101   1.043   0.101   0.078   0.319   0.078   0.148   0.093   0.233   0.086   0.685   0.335   0.28    0.093   0.117   0.093   1.774   0.546   0.966   0.132   0.249   0   0.821   3.952   1.253   0.335   0.521   0.428   0.249   0.311   1.082   0.195   0.545   1.806
234.871 163.731 86.435  35.808  0.073   2.484   4.405   0.916   0.564   3.049   1.495   11.36   1.796   0.139   2.58    0.249   2.712   1.913   0.169   1.48    5.636   7.263   0.623   2.931   2.418   2.668   7.622   14.965  20.403  1.334   3.217   0.821   0   8.62    3.73    3.98    5.775   6.545   6.537   1.832   6.01    0.726   0.213   9.395
288.801 93.034  63.932  25.534  0.066   4.098   5.362   1.516   0.841   4.469   2.026   15.716  2.9 0.185   2.423   0.245   4.376   2.814   0.271   2.046   6.024   12.711  0.9 2.913   7.342   4.144   9.546   14.677  19.669  2.31    4.879   3.952   8.633   0   3.668   5.753   6.468   12.83   10.831  2.933   5.038   0.596   0.278   7.435
419.509 228.581 65.677  16.118  0.171   6.086   2.919   1.061   1.087   4.023   1.532   10.853  5.101   0.265   1.789   0.188   3.92    2.636   0.351   0.959   4.451   20.731  0.916   3.176   2.979   5.101   3.826   16.78   15.862  3.287   2.032   1.288   3.835   3.77    0   5.666   5.855   21.613  17.547  3.8 3.39    0.317   0.334   3.116
344.693 389.262 113.135 187.792 0.136   3.366   3.554   1.635   0.884   4.735   1.556   7.388   4.279   0.169   2.63    0.477   6.592   3.236   0.486   1.108   4.218   17.159  1.223   1.835   2.571   11.834  5.368   7.871   9.208   2.882   2.002   0.442   5.26    7.595   7.285   0   4.103   7.618   21.333  6.661   3.306   1.196   0.585   8.7
282.286 182.124 134.288 62.844  0   1.533   4.788   0.393   0.778   2.296   1.698   8.569   1.289   0.189   4.214   0.597   1.494   1.541   0.118   0.613   5.768   4.284   1.14    2.744   1.724   1.981   18.435  23.973  21.923  1.321   2.672   0.487   5.397   6.039   5.322   2.901   0   7.075   4.858   1.352   7.751   0.951   0.181   14.182
26.568  184.829 48.697  25.005  0   1.137   3.259   0.149   0.18    1.018   0.417   4.263   0.606   0.394   2.414   0.495   0.435   0.729   0.219   0.268   3.205   2.019   1.01    0.588   0.379   0.847   8.218   3.078   4.543   0.584   0.845   0.206   3.146   6.163   10.105  2.77    3.639   0   2.476   2.546   5.313   1.716   0.452   13.994
331.683 535.355 41.856  35.861  0   4.452   6.571   0.813   0.636   2.785   1.154   7.452   5.482   0.986   4.02    0.846   1.986   2.206   0.871   0.34    5.317   5.419   2.808   0.848   0.675   5.196   15.443  4.387   6.555   2.826   1.255   0.299   7.855   13.014  20.509  19.393  6.246   6.19    0   24.113  11.16   4.151   1.957   27.13
179.398 585.995 231.96  120.43  0   2.316   1.638   0.639   0.93    2.367   0.647   3.682   3.291   0.169   1.034   0.21    3.079   1.618   0.42    0.548   1.92    19.301  0.888   0.796   1.341   7.692   3.334   3.52    3.625   0.998   0.91    0.411   2.422   3.876   4.875   6.661   1.912   7.002   26.524  0   1.742   0.823   0.769   3.475
112.123 215.509 123.702 56.275  0.084   2.178   4.566   0.603   1.089   3.209   1.709   12.726  2.027   0.26    3.013   0.428   1.625   2.103   0.142   1.441   5.721   6.359   0.804   3.678   3.76    3.209   13.572  18.345  17.032  1.6 2.672   1.011   5.603   4.708   3.074   2.337   7.751   10.33   8.68    1.223   0   0.729   0.176   12.987
95.547  55.98   56.339  5.643   0   0.896   0.581   0.338   0.236   1.165   0.291   1.981   0.676   0.562   0.366   0.543   0.556   0.875   0.613   0.174   0.82    3.02    0.26    0.696   0.474   1.056   0.839   2.792   2.713   0.435   0.341   0.2 0.746   0.613   0.317   0.931   1.046   3.671   3.551   0.64    0.802   0   0.112   1.179
27.607  489.818 75.072  38.822  0   0.387   0.197   1.115   0.471   0.321   0.815   0.527   0.56    0.131   0.125   0.254   0.321   0.267   0.287   0.951   0.266   2.125   0.983   0.188   0.218   1.54    0.374   0.582   0.776   0.178   0.164   0.786   0.306   0.401   0.468   0.638   0.279   1.356   2.348   0.824   0.271   0.157   0   0.445
171.071 76.863  138.549 33.989  0.082   2.28    4.09    0.961   1.212   4.247   1.975   14.282  2.284   0.301   2.452   0.313   2.837   2.486   0.128   1.08    4.972   7.372   0.515   2.808   3.502   3.884   7.359   13.276  15.836  1.917   3.985   0.844   4.39    3.474   1.412   3.076   7.099   13.606  10.55   1.229   6.498   0.536   0.144   0
